Решение системы:
x1 = -2.000000
x2 = 5.000000
x3 = -3.000000
x4 = 0.000000
x5 = 1.000000
